0 0.289844 0.598611 0.0078125 0.0324074
1 0.160938 0.622685 0.0177083 0.0453704
9 0.0286458 0.476389 0.00625 0.0268519
9 0.813021 0.546759 0.00416667 0.0175926
2 0.497135 0.598148 0.0234375 0.0185185
0 0.160417 0.602315 0.015625 0.0583333
2 0.735417 0.605556 0.0354167 0.0462963
2 0.672917 0.602778 0.0239583 0.0240741
10 0.0817708 0.622685 0.00625 0.0268519
9 0.371094 0.3625 0.0244792 0.10463
11 0.766406 0.564815 0.00989583 0.0166667
1 0.261458 0.622222 0.0125 0.0407407
0 0.261979 0.60463 0.0145833 0.062963
9 0.978906 0.490741 0.00572917 0.0259259
2 0.0190104 0.594444 0.0369792 0.0592593
9 0.404167 0.359259 0.0270833 0.109259
0 0.424479 0.605093 0.00833333 0.0435185
2 0.0479167 0.601389 0.0364583 0.0453704
9 0.942708 0.490741 0.00625 0.0277778
2 0.09375 0.600463 0.06875 0.0472222
