0 0.0661458 0.606019 0.0104167 0.0472222
9 0.616406 0.5875 0.0078125 0.0138889
2 0.551823 0.613426 0.0442708 0.0472222
2 0.478906 0.607407 0.0473958 0.0592593
10 0.340104 0.659259 0.0104167 0.0425926
3 0.447396 0.652315 0.0322917 0.0490741
0 0.564844 0.614815 0.0140625 0.0555556
9 0.977604 0.278704 0.0364583 0.148148
9 0.116146 0.502778 0.0104167 0.0444444
0 0.443229 0.623148 0.015625 0.0740741
3 0.563542 0.635648 0.0333333 0.0435185
1 0.745313 0.633796 0.0125 0.0490741
0 0.744271 0.610185 0.0166667 0.0611111
9 0.454688 0.481944 0.00729167 0.0268519
9 0.494271 0.487963 0.00729167 0.0277778
2 0.347917 0.599074 0.0416667 0.0444444
0 0.388802 0.636574 0.0307292 0.0842593
2 0.515625 0.615278 0.0395833 0.0490741
2 0.360417 0.612037 0.04375 0.0444444
5 0.269531 0.582407 0.0848958 0.087037
