2 0.964844 0.571759 0.0421875 0.0546296
0 0.850521 0.54213 0.0104167 0.0194444
0 0.985417 0.603704 0.0291667 0.105556
2 0.967448 0.556019 0.0432292 0.0212963
2 0.981771 0.577315 0.0364583 0.0527778
0 0.353125 0.581019 0.00833333 0.0490741
3 0.984635 0.620833 0.0307292 0.087963
2 0.907292 0.558796 0.0510417 0.0324074
9 0.652865 0.463889 0.0140625 0.05
9 0.053125 0.0648148 0.0395833 0.125926
0 0.889063 0.594444 0.0166667 0.0833333
0 0.596875 0.58287 0.0114583 0.0527778
9 0.145052 0.352778 0.0244792 0.105556
3 0.888281 0.61713 0.0526042 0.0712963
1 0.0979167 0.603704 0.046875 0.0592593
2 0.93099 0.58287 0.0661458 0.0509259
5 0.830469 0.550926 0.0963542 0.0944444
