0 0.297135 0.545833 0.00677083 0.0268519
9 0.0770833 0.472222 0.00729167 0.0259259
9 0.240625 0.471759 0.00729167 0.0287037
9 0.0679687 0.471296 0.00885417 0.0277778
3 0.488542 0.577778 0.025 0.0351852
0 0.491146 0.564352 0.0177083 0.0527778
2 0.0127604 0.543056 0.0255208 0.0527778
9 0.759896 0.487037 0.00833333 0.0240741
2 0.198437 0.550926 0.0229167 0.0277778
2 0.213802 0.551852 0.0140625 0.0203704
2 0.263542 0.551389 0.01875 0.0175926
0 0.994271 0.587037 0.0114583 0.0888889
9 0.382552 0.427315 0.00677083 0.0324074
5 0.0653646 0.526389 0.0984375 0.0861111
9 0.469531 0.430556 0.00677083 0.0314815
1 0.986979 0.621759 0.0260417 0.0564815
2 0.279427 0.549537 0.0223958 0.0231481
9 0.428906 0.426852 0.00677083 0.0351852
