3 0.186719 0.573611 0.0390625 0.0453704
2 0.636198 0.578704 0.0463542 0.0240741
0 0.501823 0.568519 0.00572917 0.0240741
9 0.276563 0.465741 0.009375 0.0444444
2 0.229427 0.546759 0.00885417 0.0138889
0 0.190625 0.548148 0.0197917 0.0518519
2 0.258854 0.548148 0.0114583 0.0148148
2 0.24349 0.547685 0.00885417 0.0138889
9 0.533854 0.476852 0.009375 0.0314815
0 0.31901 0.555093 0.0109375 0.0435185
2 0.0960938 0.534259 0.0140625 0.0148148
9 0.190365 0.393519 0.00885417 0.037037
9 0.145052 0.387037 0.00885417 0.0407407
0 0.517969 0.569907 0.0119792 0.0527778
2 0.868229 0.613889 0.110417 0.0685185
9 0.0929687 0.385185 0.00885417 0.0388889
