2 0.601302 0.560648 0.00885417 0.0101852
10 0.0963542 0.603704 0.00625 0.0240741
0 0.511719 0.575 0.00989583 0.0296296
9 0.0976562 0.494444 0.0119792 0.037037
5 0.552865 0.550926 0.0182292 0.0407407
2 0.611458 0.55787 0.00833333 0.0138889
1 0.511719 0.577778 0.00885417 0.0240741
9 0.0867188 0.493981 0.0140625 0.037963
5 0.529688 0.552778 0.0260417 0.0481481
1 0.241927 0.586574 0.0234375 0.0361111
9 0.844531 0.499074 0.0223958 0.0407407
9 0.700521 0.47037 0.009375 0.0388889
9 0.653906 0.371759 0.00989583 0.0416667
1 0.825781 0.594444 0.0328125 0.0518519
9 0.583073 0.368056 0.0109375 0.0435185
