3 0.018229 0.362963 0.009375 0.044444
3 0.075521 0.358333 0.009375 0.046296
3 0.272396 0.501852 0.005208 0.022222
3 0.280208 0.501852 0.006771 0.022222
3 0.357292 0.518519 0.003125 0.014815
3 0.413542 0.502778 0.005208 0.023148
3 0.421875 0.501852 0.005729 0.024074
3 0.460417 0.518519 0.003125 0.016667
3 0.466146 0.517593 0.003646 0.016667
0 0.517188 0.481481 0.003125 0.018519
0 0.546875 0.482407 0.003125 0.019444
1 0.572917 0.484259 0.003125 0.017593
3 0.744792 0.524074 0.003125 0.015741
1 0.747917 0.524074 0.003646 0.015741
3 0.859896 0.507407 0.006771 0.025000
