3 0.005729 0.470370 0.003646 0.017593
3 0.017708 0.502778 0.004167 0.019444
3 0.051042 0.399074 0.007812 0.038889
3 0.096875 0.392593 0.009375 0.037037
3 0.149479 0.388889 0.008854 0.037037
3 0.314583 0.507407 0.005208 0.019444
3 0.307292 0.507407 0.003646 0.019444
3 0.380208 0.521296 0.003646 0.014815
1 0.395833 0.537037 0.003646 0.012037
3 0.432292 0.509259 0.004167 0.019444
3 0.440104 0.509259 0.005208 0.020370
3 0.469792 0.521296 0.003125 0.014815
3 0.475521 0.521296 0.004167 0.014815
0 0.520833 0.487037 0.003125 0.016667
0 0.547917 0.488889 0.003125 0.014815
1 0.571875 0.490741 0.003125 0.016667
1 0.731771 0.525926 0.003125 0.015741
3 0.821354 0.514815 0.006771 0.020370
