3 0.140625 0.512963 0.004687 0.013889
3 0.235417 0.491667 0.004687 0.024074
3 0.244271 0.491667 0.005729 0.025000
3 0.344792 0.512963 0.005208 0.018519
3 0.393750 0.493519 0.005208 0.025926
3 0.403646 0.493519 0.006771 0.025926
3 0.450521 0.512037 0.003125 0.015741
3 0.457292 0.512037 0.004687 0.015741
0 0.513542 0.475000 0.003646 0.020370
0 0.545833 0.476852 0.004167 0.022222
1 0.573438 0.477778 0.003125 0.019444
1 0.764062 0.521296 0.004167 0.017593
3 0.900521 0.500926 0.007812 0.027778
3 0.145313 0.512963 0.004167 0.013889
