3 0.189062 0.484259 0.006250 0.027778
3 0.199479 0.484259 0.006771 0.028704
3 0.317188 0.509259 0.003646 0.018519
3 0.323958 0.508333 0.005208 0.019444
3 0.367708 0.485185 0.006250 0.029630
3 0.379167 0.484259 0.006771 0.030556
3 0.440104 0.511111 0.004687 0.017593
3 0.447396 0.509259 0.004167 0.018519
1 0.285938 0.523148 0.006771 0.022222
0 0.510417 0.469444 0.003646 0.021296
0 0.544792 0.471296 0.004167 0.022222
1 0.574479 0.474074 0.004167 0.020370
1 0.782292 0.518519 0.003646 0.016667
3 0.778646 0.518519 0.003646 0.016667
3 0.951562 0.493519 0.009896 0.031481
1 0.110417 0.509259 0.003646 0.013889
3 0.114583 0.510185 0.003646 0.014815
