3 0.080208 0.489815 0.015104 0.056481
3 0.027604 0.502778 0.003646 0.018519
3 0.255729 0.497222 0.004687 0.023148
3 0.263542 0.498148 0.006250 0.024074
3 0.272917 0.450000 0.009896 0.044444
3 0.289583 0.449074 0.011458 0.045370
3 0.407813 0.498148 0.004687 0.024074
3 0.417708 0.497222 0.006250 0.024074
0 0.501563 0.453704 0.005208 0.025926
0 0.542708 0.454630 0.005729 0.027778
1 0.578125 0.456481 0.005208 0.025000
1 0.838542 0.507407 0.005729 0.022222
3 0.833333 0.507407 0.004687 0.019444
3 0.031250 0.502778 0.003646 0.018519
