3 0.041146 0.396296 0.007292 0.034259
3 0.177604 0.391667 0.007292 0.038889
3 0.225000 0.389815 0.007812 0.037963
3 0.278646 0.389815 0.008333 0.039815
3 0.360938 0.462963 0.003646 0.030556
0 0.495833 0.509259 0.002604 0.014815
0 0.524479 0.463889 0.003646 0.019444
0 0.551562 0.464815 0.003125 0.019444
0 0.582812 0.467593 0.003646 0.019444
3 0.638542 0.509259 0.003646 0.013889
3 0.859896 0.500000 0.006250 0.023148
3 0.113542 0.473148 0.006771 0.026852
3 0.250521 0.390741 0.011458 0.015741
0 0.693229 0.468519 0.003125 0.010185
0 0.670833 0.470370 0.005208 0.019444
