3 0.036979 0.409259 0.006250 0.025000
3 0.067708 0.409259 0.007292 0.034259
3 0.200000 0.403704 0.008333 0.037963
3 0.244792 0.402778 0.007292 0.037037
3 0.295312 0.402778 0.007292 0.037037
3 0.268750 0.403704 0.011458 0.014815
3 0.373437 0.469444 0.003125 0.028704
0 0.496354 0.511111 0.002604 0.014815
0 0.524479 0.467593 0.003125 0.018519
0 0.550000 0.469444 0.003125 0.018519
0 0.580729 0.470370 0.004167 0.020370
3 0.634375 0.510185 0.003125 0.015741
3 0.136979 0.480556 0.005729 0.024074
3 0.045833 0.517593 0.003646 0.016667
3 0.093750 0.525926 0.003646 0.016667
0 0.171354 0.527778 0.003646 0.012963
0 0.665104 0.468519 0.004167 0.013889
0 0.687500 0.467593 0.003646 0.008333
3 0.946354 0.457407 0.005208 0.018519
