0 0.120833 0.520370 0.005208 0.024074
3 0.099479 0.357407 0.009375 0.049074
3 0.154167 0.355556 0.011458 0.050000
3 0.183854 0.356481 0.015625 0.020370
3 0.218750 0.354630 0.010417 0.050000
3 0.320312 0.445370 0.006250 0.038889
0 0.497917 0.511111 0.003125 0.016667
0 0.530208 0.461111 0.004167 0.023148
0 0.559896 0.462963 0.004167 0.023148
0 0.595313 0.462037 0.004167 0.019444
3 0.657292 0.513889 0.004687 0.018519
0 0.693750 0.470370 0.005729 0.024074
0 0.718750 0.466667 0.003646 0.015741
3 0.924479 0.499074 0.004687 0.025926
3 0.545833 0.463889 0.006771 0.009259
