3 0.127083 0.364815 0.009375 0.048148
3 0.179688 0.362037 0.008854 0.047222
3 0.208333 0.362963 0.014063 0.019444
3 0.240625 0.361111 0.009896 0.048148
0 0.134896 0.517593 0.006250 0.017593
3 0.335417 0.445370 0.006250 0.037963
0 0.498958 0.502778 0.003646 0.022222
0 0.529687 0.456481 0.004167 0.023148
0 0.558333 0.459259 0.004687 0.023148
3 0.544792 0.460185 0.006771 0.008333
0 0.592708 0.460185 0.004687 0.025926
3 0.652604 0.507407 0.004167 0.019444
0 0.688021 0.460185 0.005208 0.015741
3 0.905208 0.498148 0.004687 0.025000
