3 0.069271 0.333333 0.010417 0.050926
3 0.126562 0.329630 0.010937 0.055556
3 0.157292 0.331481 0.016146 0.021296
3 0.193750 0.328704 0.011979 0.055556
3 0.302604 0.425000 0.005208 0.041667
0 0.496875 0.498148 0.003646 0.019444
0 0.530208 0.447222 0.004167 0.024074
3 0.546354 0.450000 0.006771 0.009259
0 0.560937 0.450000 0.004687 0.024074
0 0.597396 0.450926 0.004687 0.025926
0 0.699479 0.455556 0.005208 0.025000
0 0.726042 0.453704 0.005208 0.015741
3 0.661979 0.500926 0.003646 0.017593
0 0.106771 0.512963 0.005729 0.015741
