3 0.031771 0.322222 0.011979 0.055556
3 0.090625 0.316667 0.014063 0.057407
3 0.123958 0.316667 0.016667 0.025000
3 0.162500 0.312963 0.013542 0.062037
3 0.092188 0.498148 0.004687 0.022222
0 0.091146 0.516667 0.004167 0.014815
3 0.278646 0.416667 0.006771 0.047222
0 0.495833 0.500000 0.004167 0.021296
0 0.529687 0.446296 0.004687 0.025000
0 0.547396 0.450000 0.007292 0.010185
0 0.561979 0.449074 0.004687 0.025000
0 0.600000 0.450000 0.005729 0.027778
3 0.667188 0.502778 0.005208 0.019444
0 0.706250 0.455556 0.005208 0.026852
