3 0.060937 0.300000 0.014583 0.062037
3 0.093750 0.299074 0.018229 0.025000
3 0.135417 0.295370 0.015625 0.062963
3 0.258333 0.405556 0.008333 0.051852
3 0.079167 0.494444 0.004687 0.021296
0 0.078125 0.513889 0.003646 0.015741
0 0.494792 0.495370 0.004687 0.024074
0 0.529687 0.440741 0.004687 0.026852
0 0.547917 0.443519 0.008333 0.012037
0 0.563021 0.442593 0.004687 0.025926
0 0.602083 0.443519 0.004687 0.027778
3 0.671354 0.499074 0.005729 0.020370
0 0.711458 0.448148 0.004687 0.028704
3 0.856250 0.519444 0.004167 0.017593
0 0.860417 0.519444 0.004687 0.017593
