3 0.067187 0.492593 0.005729 0.021296
0 0.065625 0.512037 0.003646 0.016667
1 0.069792 0.512037 0.003646 0.016667
3 0.030729 0.283333 0.014583 0.066667
3 0.107292 0.277778 0.015625 0.068519
3 0.063542 0.282407 0.018750 0.027778
3 0.235937 0.395370 0.009896 0.053704
0 0.493750 0.493519 0.004167 0.024074
0 0.529687 0.437037 0.005208 0.027778
0 0.547917 0.439815 0.007812 0.012037
0 0.563542 0.438889 0.004687 0.026852
0 0.604688 0.439815 0.005729 0.028704
3 0.675521 0.495370 0.004687 0.021296
0 0.717187 0.445370 0.006250 0.028704
0 0.745313 0.445370 0.003646 0.021296
0 0.871354 0.518519 0.004167 0.015741
3 0.866667 0.518519 0.004687 0.016667
