0 0.888542 0.518519 0.004167 0.016667
3 0.883854 0.518519 0.004687 0.015741
0 0.753125 0.441667 0.004687 0.020370
0 0.722396 0.440741 0.005729 0.028704
3 0.678646 0.495370 0.005208 0.020370
0 0.602083 0.436111 0.005729 0.029630
0 0.559896 0.435185 0.005208 0.027778
0 0.542708 0.435185 0.008333 0.012037
0 0.523438 0.431481 0.005208 0.026852
0 0.484896 0.493519 0.004167 0.019444
3 0.171875 0.368519 0.010937 0.063889
3 0.028125 0.233333 0.019792 0.082407
0 0.030208 0.512037 0.004687 0.018519
1 0.034896 0.512037 0.004687 0.015741
3 0.032813 0.490741 0.004687 0.023148
