3 0.061458 0.250926 0.015104 0.075000
3 0.015104 0.256481 0.018750 0.032407
3 0.199479 0.378704 0.009375 0.062963
0 0.046875 0.490741 0.004687 0.023148
0 0.045833 0.511111 0.003646 0.016667
1 0.050000 0.511111 0.003646 0.015741
0 0.490104 0.493519 0.003646 0.020370
0 0.527083 0.432407 0.004687 0.027778
0 0.546354 0.437037 0.008854 0.011111
0 0.563021 0.434259 0.004687 0.026852
0 0.605208 0.436111 0.004687 0.028704
0 0.722396 0.441667 0.005729 0.028704
0 0.752604 0.441667 0.004167 0.019444
3 0.679167 0.494444 0.004687 0.019444
3 0.878646 0.517593 0.004687 0.015741
0 0.883333 0.517593 0.004687 0.016667
