3 0.016146 0.313889 0.014583 0.061111
3 0.077604 0.308333 0.014063 0.062037
3 0.147917 0.303704 0.013021 0.062037
3 0.246354 0.403704 0.009896 0.054630
3 0.054688 0.493519 0.005208 0.019444
1 0.463542 0.493519 0.004687 0.020370
0 0.506250 0.440741 0.005208 0.025926
1 0.525000 0.443519 0.007812 0.012037
1 0.543229 0.443519 0.005208 0.027778
1 0.574479 0.443519 0.004687 0.027778
3 0.627604 0.499074 0.004167 0.020370
1 0.685417 0.444444 0.005208 0.028704
3 0.710417 0.445370 0.004167 0.019444
1 0.863021 0.519444 0.005208 0.017593
3 0.858333 0.520370 0.003646 0.016667
