3 0.891146 0.516667 0.005208 0.021296
3 0.850000 0.449074 0.005208 0.025000
3 0.836979 0.452778 0.004687 0.023148
3 0.821354 0.453704 0.005208 0.023148
1 0.590625 0.484259 0.002604 0.017593
1 0.527083 0.487037 0.003125 0.016667
1 0.504687 0.487963 0.002604 0.015741
0 0.481771 0.488889 0.002604 0.014815
3 0.280729 0.458333 0.004167 0.038889
3 0.213542 0.396296 0.008333 0.039815
3 0.165625 0.396296 0.007812 0.039815
3 0.119271 0.399074 0.007292 0.037037
3 0.089063 0.482407 0.007292 0.026852
3 0.049479 0.476852 0.003125 0.012037
3 0.028125 0.469444 0.005208 0.018519
3 0.020833 0.466667 0.004167 0.016667
