3 0.056250 0.428704 0.013542 0.078704
3 0.113021 0.473148 0.013542 0.041667
3 0.115625 0.421296 0.011979 0.056481
3 0.145313 0.412037 0.007292 0.025926
3 0.167708 0.422222 0.006771 0.024074
3 0.184375 0.428704 0.006250 0.024074
3 0.153646 0.417593 0.007292 0.013889
3 0.225521 0.520370 0.006250 0.024074
1 0.380729 0.534259 0.004167 0.017593
3 0.385417 0.534259 0.004167 0.016667
1 0.578125 0.469444 0.004167 0.019444
1 0.593750 0.468519 0.007292 0.012037
3 0.738021 0.529630 0.005208 0.016667
1 0.741667 0.510185 0.004687 0.020370
1 0.742708 0.530556 0.004167 0.013889
3 0.926562 0.429630 0.015104 0.059259
3 0.927604 0.485185 0.015104 0.048148
3 0.956250 0.495370 0.007292 0.027778
