3 0.040625 0.390741 0.009375 0.032407
3 0.263021 0.445370 0.006771 0.041667
3 0.258854 0.492593 0.009375 0.037963
3 0.410417 0.198148 0.015104 0.074074
2 0.372917 0.487037 0.005729 0.031481
0 0.371875 0.519444 0.005208 0.025926
3 0.379688 0.487037 0.006250 0.029630
3 0.377604 0.518519 0.005729 0.022222
2 0.558333 0.438889 0.004687 0.025000
2 0.713021 0.489815 0.005729 0.034259
3 0.706250 0.489815 0.006771 0.032407
0 0.713542 0.521296 0.006250 0.024074
3 0.706771 0.523148 0.005729 0.024074
3 0.735938 0.447222 0.013021 0.053704
3 0.736979 0.498148 0.009375 0.040741
