3 0.018229 0.379630 0.009896 0.034259
3 0.238542 0.429630 0.013021 0.052778
3 0.236979 0.483333 0.012500 0.038889
0 0.363542 0.510185 0.005208 0.024074
2 0.365104 0.476852 0.006250 0.030556
3 0.371875 0.477778 0.006250 0.030556
3 0.369792 0.510185 0.005729 0.024074
3 0.393229 0.148148 0.015625 0.087037
2 0.558854 0.427778 0.005208 0.027778
2 0.720313 0.478704 0.005729 0.034259
0 0.720313 0.512037 0.006771 0.026852
3 0.713542 0.479630 0.007292 0.033333
3 0.713542 0.512963 0.005729 0.026852
3 0.749479 0.430556 0.013021 0.057407
3 0.751042 0.484259 0.009375 0.043519
