3 0.220312 0.415741 0.014583 0.057407
3 0.218229 0.471296 0.013021 0.042593
2 0.358333 0.465741 0.006250 0.032407
3 0.364583 0.465741 0.006771 0.032407
0 0.356771 0.500000 0.005208 0.024074
3 0.363021 0.500000 0.005729 0.023148
3 0.375521 0.100926 0.016667 0.088889
2 0.558333 0.414815 0.004687 0.025926
3 0.718750 0.467593 0.007812 0.033333
2 0.726562 0.467593 0.006250 0.034259
3 0.719792 0.501852 0.006250 0.026852
0 0.726042 0.500926 0.005729 0.026852
3 0.760417 0.412963 0.013542 0.061111
3 0.761979 0.470370 0.009375 0.043519
