3 0.014583 0.425926 0.010937 0.053704
3 0.032292 0.425000 0.012500 0.054630
0 0.032813 0.511111 0.003125 0.014815
3 0.035937 0.511111 0.003125 0.014815
0 0.183854 0.439815 0.029687 0.114815
3 0.339583 0.511111 0.004687 0.019444
3 0.347396 0.511111 0.004167 0.019444
1 0.545312 0.471296 0.003646 0.023148
1 0.578125 0.473148 0.003646 0.022222
1 0.610417 0.474074 0.004167 0.022222
1 0.666667 0.512963 0.004687 0.022222
3 0.840625 0.525000 0.004167 0.016667
1 0.844271 0.525000 0.003646 0.016667
3 0.389583 0.425000 0.013542 0.059259
3 0.414062 0.424074 0.014063 0.057407
