0 0.008854 0.445370 0.006771 0.034259
0 0.038542 0.450926 0.006771 0.031481
3 0.100521 0.516667 0.004687 0.024074
3 0.095312 0.382407 0.016146 0.081481
0 0.117188 0.378704 0.019792 0.086111
0 0.316146 0.526852 0.004687 0.018519
3 0.321875 0.525000 0.004687 0.015741
3 0.674479 0.513889 0.005208 0.022222
3 0.683333 0.514815 0.005729 0.024074
3 0.704167 0.326852 0.027604 0.109259
3 0.748437 0.325000 0.026042 0.111111
3 0.847917 0.511111 0.005208 0.028704
3 0.856250 0.512037 0.005729 0.029630
2 0.907292 0.462963 0.004687 0.025000
3 0.942708 0.462037 0.005208 0.025000
1 0.977604 0.462963 0.005729 0.025926
