3 0.043750 0.405556 0.008854 0.041667
3 0.092708 0.402778 0.009896 0.044444
3 0.012500 0.486111 0.004167 0.020370
3 0.320312 0.512037 0.004167 0.021296
3 0.328125 0.512037 0.004687 0.020370
3 0.395833 0.527778 0.003125 0.013889
3 0.401042 0.528704 0.003125 0.012963
0 0.423438 0.535185 0.004687 0.021296
3 0.455208 0.509259 0.004687 0.021296
3 0.463542 0.510185 0.004687 0.022222
3 0.491146 0.527778 0.003646 0.012963
3 0.496354 0.527778 0.003125 0.013889
0 0.547396 0.497222 0.003646 0.018519
0 0.573438 0.497222 0.003646 0.017593
0 0.596875 0.497222 0.003125 0.019444
0 0.159896 0.548148 0.004687 0.016667
3 0.853125 0.535185 0.004167 0.029630
3 0.867708 0.475926 0.006250 0.026852
3 0.882812 0.472222 0.007292 0.026852
3 0.913542 0.511111 0.005729 0.023148
3 0.164062 0.547222 0.003125 0.014815
