0 0.110417 0.539815 0.003646 0.018519
3 0.265625 0.493519 0.005729 0.026852
3 0.275521 0.493519 0.005729 0.025926
3 0.373437 0.516667 0.003125 0.014815
0 0.380729 0.523148 0.006771 0.025926
3 0.431250 0.491667 0.005208 0.025926
3 0.441667 0.491667 0.006250 0.025000
3 0.483333 0.515741 0.003646 0.015741
3 0.489063 0.516667 0.003125 0.014815
0 0.547396 0.482407 0.003646 0.018519
0 0.576562 0.483333 0.003646 0.018519
0 0.603125 0.484259 0.003125 0.020370
0 0.650000 0.519444 0.003646 0.017593
3 0.753646 0.540741 0.003125 0.020370
0 0.757812 0.540741 0.005208 0.020370
3 0.906250 0.460185 0.006771 0.028704
3 0.919792 0.524074 0.006771 0.033333
3 0.986979 0.498148 0.006771 0.025000
3 0.946875 0.452778 0.007292 0.031481
3 0.926562 0.456481 0.006771 0.031481
