3 0.250521 0.483333 0.005729 0.029630
3 0.261979 0.482407 0.007292 0.028704
0 0.370833 0.513889 0.007292 0.032407
3 0.382292 0.509259 0.003646 0.017593
3 0.449479 0.479630 0.007292 0.028704
3 0.436979 0.478704 0.006771 0.030556
0 0.570312 0.473148 0.003646 0.020370
0 0.602083 0.473148 0.004167 0.021296
0 0.629687 0.475000 0.003125 0.019444
0 0.679688 0.512963 0.004167 0.019444
0 0.795833 0.534259 0.004687 0.019444
3 0.791667 0.534259 0.003646 0.019444
3 0.988021 0.517593 0.008333 0.040741
3 0.963021 0.445370 0.007292 0.031481
3 0.986979 0.441667 0.007292 0.034259
