0 0.105729 0.537037 0.003646 0.020370
3 0.257292 0.487963 0.006250 0.027778
3 0.268229 0.487963 0.006771 0.027778
0 0.375000 0.517593 0.006771 0.029630
3 0.432292 0.483333 0.006771 0.026852
3 0.443750 0.484259 0.007292 0.026852
3 0.490625 0.511111 0.003125 0.015741
3 0.496354 0.510185 0.004687 0.016667
0 0.557292 0.475926 0.003646 0.020370
0 0.587500 0.476852 0.003125 0.019444
0 0.614062 0.477778 0.003646 0.020370
0 0.663021 0.514815 0.004167 0.019444
3 0.770833 0.536111 0.003125 0.020370
0 0.775000 0.535185 0.004167 0.021296
3 0.951042 0.518519 0.007292 0.036111
3 0.932292 0.451852 0.007292 0.030556
3 0.954167 0.447222 0.007292 0.031481
3 0.975521 0.442593 0.007292 0.032407
3 0.382292 0.511111 0.004167 0.015741
