1 0.023438 0.550000 0.004167 0.021296
3 0.028646 0.546296 0.005729 0.017593
3 0.119271 0.472222 0.009375 0.039815
3 0.135417 0.471296 0.009375 0.039815
1 0.214583 0.504630 0.016146 0.057407
3 0.378646 0.462963 0.009896 0.043519
3 0.396875 0.463889 0.010937 0.044444
3 0.489583 0.518519 0.004687 0.020370
3 0.497396 0.516667 0.005208 0.016667
0 0.574479 0.476852 0.004167 0.023148
0 0.611458 0.477778 0.004167 0.024074
1 0.644271 0.480556 0.004167 0.024074
1 0.702604 0.525000 0.004687 0.023148
3 0.841146 0.550000 0.004687 0.024074
1 0.845833 0.550000 0.004167 0.024074
