3 0.067708 0.462037 0.010417 0.044444
3 0.084896 0.460185 0.010417 0.045370
1 0.127604 0.489815 0.019792 0.071296
3 0.338542 0.515741 0.005208 0.022222
3 0.372396 0.450000 0.013021 0.050926
3 0.351562 0.450000 0.011979 0.050000
3 0.483333 0.515741 0.004687 0.021296
3 0.492188 0.515741 0.004687 0.020370
0 0.572917 0.474074 0.004687 0.025926
0 0.611458 0.475000 0.004687 0.025000
1 0.646354 0.476852 0.004167 0.024074
1 0.707292 0.524074 0.004687 0.023148
3 0.854167 0.550000 0.005208 0.026852
1 0.858854 0.550000 0.004167 0.025926
