3 0.179167 0.514815 0.003125 0.014815
3 0.261979 0.536111 0.003125 0.012037
3 0.279687 0.510185 0.003125 0.013889
3 0.289062 0.508333 0.003125 0.012963
3 0.469792 0.509259 0.004687 0.023148
3 0.480208 0.511111 0.004167 0.017593
3 0.485938 0.511111 0.004167 0.017593
0 0.619271 0.467593 0.003646 0.021296
0 0.655208 0.468519 0.004167 0.024074
3 0.695833 0.534259 0.003646 0.012037
3 0.707812 0.510185 0.003646 0.018519
0 0.746354 0.513889 0.004167 0.022222
3 0.167708 0.505556 0.003646 0.012963
3 0.478125 0.461111 0.004167 0.022222
3 0.482292 0.461111 0.003646 0.022222
