3 0.136979 0.504630 0.004687 0.018519
3 0.143750 0.497222 0.003125 0.013889
3 0.246875 0.531481 0.003125 0.013889
3 0.264583 0.503704 0.003646 0.012963
3 0.274479 0.501852 0.003125 0.012963
3 0.461458 0.500000 0.005729 0.028704
3 0.472396 0.501852 0.004687 0.019444
3 0.479687 0.502778 0.005208 0.020370
3 0.471875 0.446296 0.006250 0.025000
3 0.476562 0.447222 0.005208 0.023148
0 0.632292 0.455556 0.004687 0.023148
0 0.672396 0.456481 0.005208 0.025000
3 0.709375 0.532407 0.003646 0.013889
3 0.738021 0.502778 0.004167 0.022222
0 0.774479 0.506481 0.004687 0.019444
