3 0.075000 0.484259 0.003125 0.020370
3 0.080208 0.484259 0.004687 0.020370
3 0.117708 0.481481 0.003646 0.014815
3 0.230208 0.515741 0.003646 0.013889
3 0.248958 0.486111 0.003125 0.012963
3 0.258854 0.483333 0.003125 0.013889
3 0.451042 0.476852 0.006250 0.031481
3 0.460938 0.476852 0.005729 0.023148
3 0.469271 0.476852 0.005729 0.023148
3 0.464062 0.415741 0.006771 0.028704
3 0.470833 0.417593 0.006250 0.029630
0 0.647396 0.425926 0.004167 0.026852
0 0.692708 0.427778 0.005208 0.026852
0 0.807813 0.487963 0.005208 0.027778
3 0.776042 0.475926 0.006771 0.025926
3 0.718750 0.479630 0.004167 0.015741
3 0.723958 0.515741 0.003646 0.012963
