3 0.079167 0.475000 0.003125 0.014815
3 0.104688 0.474074 0.002604 0.016667
3 0.202604 0.514815 0.003125 0.014815
3 0.221354 0.482407 0.003646 0.014815
3 0.231771 0.479630 0.004167 0.015741
3 0.425521 0.466667 0.007292 0.037037
3 0.434896 0.464815 0.006250 0.029630
3 0.444792 0.464815 0.007292 0.028704
3 0.443750 0.396296 0.007292 0.033333
3 0.451042 0.398148 0.006250 0.030556
0 0.657292 0.410185 0.005729 0.031481
0 0.710417 0.412037 0.006250 0.032407
3 0.731771 0.515741 0.003646 0.014815
3 0.821354 0.465741 0.006771 0.031481
1 0.911979 0.513889 0.004167 0.010185
