3 0.048438 0.466667 0.003646 0.015741
3 0.074479 0.465741 0.003125 0.017593
1 0.989062 0.505556 0.004687 0.013889
3 0.860417 0.448148 0.008333 0.034259
0 0.721354 0.393519 0.006771 0.036111
0 0.663021 0.390741 0.006771 0.036111
3 0.431771 0.377778 0.007812 0.036111
3 0.422917 0.374074 0.008333 0.037963
3 0.418229 0.447222 0.007812 0.034259
3 0.406771 0.447222 0.008333 0.036111
3 0.179688 0.509259 0.003646 0.014815
3 0.198958 0.475000 0.004167 0.015741
3 0.208854 0.472222 0.003646 0.015741
3 0.400000 0.450926 0.009375 0.043519
