3 0.145833 0.520370 0.004167 0.017593
3 0.164583 0.483333 0.004167 0.018519
3 0.175000 0.480556 0.004167 0.018519
3 0.345833 0.427778 0.010937 0.047222
3 0.361979 0.427778 0.010937 0.049074
3 0.385937 0.350000 0.011458 0.043519
3 0.399479 0.355556 0.010417 0.045370
3 0.683333 0.371296 0.008854 0.045370
3 0.754687 0.375000 0.007812 0.043519
1 0.928646 0.473148 0.007812 0.042593
3 0.968229 0.428704 0.011979 0.050926
3 0.746875 0.524074 0.003646 0.016667
0 0.776563 0.527778 0.004167 0.012037
3 0.743229 0.485185 0.005729 0.019444
