3 0.145833 0.521296 0.004167 0.018519
3 0.164583 0.483333 0.004167 0.016667
3 0.175000 0.480556 0.004167 0.017593
1 0.279687 0.502778 0.008854 0.037963
3 0.345833 0.428704 0.010937 0.046296
3 0.361979 0.427778 0.011458 0.049074
3 0.386458 0.350000 0.010417 0.045370
3 0.398958 0.355556 0.009896 0.044444
0 0.776042 0.526852 0.003125 0.011111
2 0.683333 0.371296 0.008854 0.045370
2 0.755208 0.375000 0.008333 0.045370
3 0.968229 0.427778 0.011458 0.050926
1 0.928646 0.473148 0.008333 0.042593
3 0.981771 0.484259 0.004687 0.011111
3 0.991667 0.485185 0.004167 0.012963
