3 0.096354 0.537963 0.003125 0.011111
3 0.144792 0.536111 0.004167 0.018519
3 0.163542 0.498148 0.004167 0.019444
3 0.173958 0.495370 0.004167 0.019444
1 0.277604 0.519444 0.009375 0.039815
3 0.343750 0.443519 0.010937 0.048148
3 0.359896 0.442593 0.011979 0.050926
3 0.384375 0.362963 0.011979 0.049074
3 0.398438 0.370370 0.010937 0.047222
2 0.683854 0.386111 0.009375 0.047222
2 0.755729 0.390741 0.009375 0.046296
1 0.929688 0.487963 0.008854 0.044444
3 0.970833 0.442593 0.011979 0.052778
0 0.776563 0.543519 0.004167 0.011111
