3 0.126562 0.539815 0.003646 0.018519
3 0.145313 0.500926 0.003646 0.018519
3 0.155729 0.497222 0.004167 0.019444
1 0.190104 0.509259 0.013021 0.053704
3 0.283333 0.411111 0.013542 0.060185
3 0.306771 0.436111 0.013021 0.066667
3 0.358333 0.332407 0.013542 0.059259
3 0.376563 0.344444 0.011458 0.053704
3 0.759896 0.496296 0.005208 0.017593
3 0.762500 0.541667 0.004167 0.017593
0 0.792708 0.546296 0.004167 0.007407
1 0.989062 0.477778 0.008854 0.044444
2 0.710417 0.361111 0.010417 0.053704
2 0.792708 0.365741 0.009896 0.050926
