1 0.075521 0.475926 0.018229 0.070370
3 0.107813 0.525926 0.004687 0.020370
3 0.126562 0.485185 0.004167 0.020370
3 0.136458 0.481481 0.004167 0.019444
3 0.202604 0.352778 0.016146 0.076852
0 0.228646 0.350926 0.019792 0.081481
3 0.256250 0.398148 0.016667 0.079630
3 0.327083 0.284259 0.017188 0.067593
3 0.349479 0.300926 0.014063 0.062037
3 0.731250 0.323148 0.011979 0.061111
3 0.825000 0.329630 0.010937 0.059259
3 0.770833 0.534259 0.004167 0.018519
3 0.769271 0.488889 0.003646 0.012963
0 0.801042 0.537963 0.004687 0.008333
