1 0.071354 0.503704 0.003646 0.017593
3 0.075521 0.503704 0.004167 0.017593
3 0.316146 0.479630 0.006250 0.028704
3 0.327604 0.480556 0.005208 0.029630
1 0.369792 0.512037 0.008333 0.033333
3 0.401562 0.507407 0.004167 0.016667
3 0.408854 0.506481 0.005208 0.017593
0 0.522917 0.461111 0.004167 0.023148
0 0.559896 0.462037 0.004167 0.022222
1 0.594792 0.463889 0.004167 0.024074
1 0.802604 0.504630 0.003646 0.018519
3 0.798438 0.504630 0.005208 0.019444
3 0.869792 0.491667 0.007292 0.026852
3 0.014063 0.318519 0.013542 0.059259
