1 0.097917 0.512037 0.003646 0.016667
3 0.102083 0.512037 0.003646 0.016667
3 0.011979 0.353704 0.010937 0.052778
3 0.069271 0.346296 0.010937 0.053704
3 0.339583 0.492593 0.005729 0.026852
3 0.350000 0.492593 0.005729 0.025926
1 0.395833 0.523148 0.007292 0.030556
3 0.414062 0.515741 0.004167 0.018519
3 0.420312 0.515741 0.005729 0.017593
0 0.527083 0.472222 0.004687 0.023148
0 0.562500 0.473148 0.004687 0.024074
1 0.595833 0.474074 0.004687 0.024074
3 0.787500 0.515741 0.005208 0.018519
1 0.791667 0.515741 0.004167 0.018519
3 0.851042 0.503704 0.006771 0.024074
