1 0.009896 0.511111 0.004687 0.020370
3 0.015104 0.511111 0.004687 0.020370
3 0.256771 0.475926 0.007292 0.034259
3 0.270313 0.475926 0.007812 0.034259
1 0.288542 0.508333 0.011979 0.044444
3 0.375521 0.512963 0.004687 0.021296
3 0.383333 0.513889 0.005729 0.020370
0 0.513542 0.462963 0.004687 0.025926
0 0.554688 0.463889 0.004687 0.025926
1 0.593750 0.464815 0.004167 0.026852
1 0.656250 0.507407 0.005729 0.025926
3 0.827604 0.508333 0.005729 0.023148
1 0.833333 0.507407 0.005208 0.023148
3 0.921875 0.489815 0.008854 0.029630
3 0.322917 0.548148 0.004167 0.017593
