3 0.189062 0.485185 0.006771 0.030556
3 0.201042 0.485185 0.007292 0.031481
2 0.306250 0.514815 0.010417 0.045370
3 0.343750 0.517593 0.003125 0.018519
3 0.350521 0.517593 0.004687 0.018519
3 0.419792 0.486111 0.007812 0.032407
3 0.433333 0.485185 0.007812 0.034259
3 0.472396 0.517593 0.003646 0.018519
3 0.480208 0.516667 0.004167 0.017593
0 0.535937 0.475000 0.004687 0.022222
1 0.568750 0.475926 0.004687 0.022222
1 0.601562 0.475926 0.004687 0.023148
3 0.809896 0.519444 0.003646 0.015741
1 0.814063 0.519444 0.004167 0.016667
3 0.987500 0.476852 0.009896 0.035185
