3 0.036979 0.401852 0.006250 0.040741
3 0.089583 0.398148 0.006771 0.041667
3 0.148958 0.394444 0.007812 0.042593
3 0.056771 0.457407 0.004167 0.019444
3 0.068229 0.463889 0.004687 0.017593
3 0.077604 0.524074 0.004167 0.016667
0 0.157812 0.528704 0.003646 0.013889
3 0.341146 0.512037 0.006250 0.025926
2 0.502604 0.506481 0.003125 0.017593
2 0.530208 0.508333 0.003125 0.018519
1 0.555729 0.508333 0.004167 0.017593
1 0.712500 0.546296 0.004167 0.013889
3 0.892708 0.512963 0.006771 0.028704
3 0.708333 0.546296 0.003646 0.013889
