3 0.016667 0.383333 0.008333 0.038889
3 0.061979 0.377778 0.008854 0.041667
3 0.110937 0.372222 0.009896 0.042593
0 0.336458 0.524074 0.006250 0.029630
3 0.339583 0.512963 0.003646 0.017593
3 0.345833 0.513889 0.003646 0.017593
3 0.389583 0.490741 0.005729 0.026852
3 0.400000 0.489815 0.006771 0.026852
3 0.851562 0.500000 0.006771 0.025926
0 0.751563 0.522222 0.004167 0.017593
3 0.747396 0.522222 0.003646 0.017593
3 0.127604 0.494444 0.006771 0.030556
3 0.128125 0.462963 0.006250 0.023148
3 0.223438 0.488889 0.006250 0.025926
3 0.232292 0.488889 0.005729 0.025000
