3 0.027083 0.384259 0.009375 0.046296
3 0.076042 0.375926 0.011979 0.048148
3 0.129167 0.367593 0.012500 0.050926
3 0.170313 0.476852 0.006250 0.023148
3 0.168750 0.510185 0.006771 0.030556
3 0.261458 0.501852 0.005729 0.028704
3 0.271875 0.503704 0.007292 0.027778
1 0.380208 0.540741 0.007812 0.031481
3 0.402604 0.532407 0.004167 0.018519
3 0.409896 0.533333 0.004167 0.018519
3 0.450000 0.504630 0.007292 0.030556
3 0.461979 0.504630 0.007812 0.030556
0 0.590104 0.496296 0.003646 0.022222
1 0.623437 0.498148 0.004167 0.022222
1 0.651042 0.499074 0.004167 0.022222
3 0.843229 0.543519 0.003646 0.016667
1 0.847396 0.542593 0.004167 0.014815
