3 0.071354 0.354630 0.010417 0.050926
3 0.123438 0.344444 0.011979 0.052778
3 0.181250 0.333333 0.013021 0.053704
3 0.242188 0.455556 0.006250 0.025000
3 0.241146 0.491667 0.007292 0.032407
3 0.332292 0.480556 0.006771 0.030556
3 0.344792 0.480556 0.007292 0.032407
1 0.460417 0.520370 0.009375 0.035185
3 0.493750 0.514815 0.003646 0.018519
3 0.501042 0.514815 0.004167 0.019444
3 0.542708 0.480556 0.007292 0.032407
3 0.555729 0.480556 0.007812 0.034259
0 0.691667 0.475926 0.003646 0.022222
1 0.726562 0.476852 0.004167 0.023148
1 0.755208 0.477778 0.004167 0.021296
3 0.810417 0.529630 0.004167 0.020370
