3 0.055729 0.339815 0.013542 0.056481
3 0.116667 0.326852 0.015625 0.061111
3 0.201563 0.470370 0.005729 0.025000
3 0.200000 0.509259 0.007812 0.034259
1 0.423438 0.536111 0.009896 0.040741
3 0.471354 0.535185 0.003646 0.020370
3 0.479687 0.535185 0.004167 0.020370
3 0.522917 0.492593 0.008333 0.039815
3 0.538021 0.492593 0.009375 0.037963
0 0.681771 0.492593 0.004687 0.025000
1 0.718229 0.493519 0.004687 0.025000
1 0.748437 0.495370 0.004687 0.024074
3 0.806250 0.550000 0.005208 0.024074
3 0.300521 0.495370 0.009896 0.036111
