3 0.023958 0.330556 0.012500 0.061111
3 0.084375 0.317593 0.016146 0.062963
3 0.176563 0.467593 0.006771 0.027778
3 0.175000 0.507407 0.007812 0.035185
3 0.260937 0.489815 0.006250 0.036111
3 0.273958 0.489815 0.008854 0.034259
1 0.396875 0.532407 0.010937 0.044444
3 0.451042 0.531481 0.004687 0.021296
3 0.459375 0.532407 0.004687 0.020370
3 0.502083 0.488889 0.009375 0.038889
3 0.517708 0.488889 0.008854 0.038889
0 0.665104 0.489815 0.004167 0.024074
1 0.701042 0.490741 0.004687 0.025000
1 0.731771 0.491667 0.004687 0.025000
1 0.790625 0.547222 0.005729 0.024074
3 0.139583 0.524074 0.006250 0.019444
