3 0.019271 0.442593 0.008854 0.032407
3 0.017708 0.484259 0.008854 0.041667
3 0.073438 0.455556 0.009375 0.045370
3 0.090104 0.455556 0.011458 0.045370
1 0.186458 0.498148 0.017188 0.064815
3 0.328646 0.512963 0.005208 0.024074
3 0.337500 0.511111 0.005729 0.023148
3 0.364583 0.449074 0.011979 0.051852
3 0.384896 0.448148 0.012500 0.050926
3 0.387500 0.553704 0.003646 0.018519
0 0.568750 0.466667 0.004687 0.025926
1 0.609375 0.466667 0.005208 0.026852
1 0.643229 0.467593 0.004687 0.026852
1 0.707812 0.527778 0.006771 0.025926
1 0.895833 0.515741 0.005208 0.018519
