3 0.083854 0.491667 0.005208 0.018519
3 0.101042 0.489815 0.004687 0.031481
3 0.119792 0.457407 0.003646 0.014815
3 0.127604 0.461111 0.004167 0.012963
3 0.171354 0.417593 0.007292 0.031481
3 0.213542 0.416667 0.006771 0.031481
0 0.247917 0.512037 0.004167 0.012963
3 0.427083 0.506481 0.003125 0.016667
3 0.432812 0.506481 0.003646 0.017593
0 0.549479 0.484259 0.003646 0.016667
0 0.573438 0.485185 0.003646 0.015741
0 0.596354 0.486111 0.003646 0.015741
0 0.636458 0.522222 0.003125 0.012037
0 0.720833 0.523148 0.004167 0.012037
3 0.784896 0.512963 0.004167 0.019444
3 0.971354 0.515741 0.006250 0.023148
