3 0.035417 0.475926 0.005208 0.037963
3 0.082292 0.444444 0.004687 0.017593
3 0.091667 0.447222 0.004167 0.018519
0 0.221875 0.503704 0.004167 0.014815
3 0.110937 0.392593 0.008854 0.040741
3 0.158854 0.391667 0.008854 0.038889
3 0.209896 0.388889 0.007812 0.038889
3 0.408333 0.495370 0.003646 0.020370
3 0.415625 0.495370 0.004687 0.019444
0 0.547396 0.473148 0.003646 0.017593
0 0.572917 0.474074 0.003646 0.017593
0 0.597917 0.475000 0.003646 0.018519
0 0.641146 0.515741 0.003646 0.017593
0 0.732812 0.515741 0.003125 0.014815
3 0.123958 0.480556 0.004167 0.014815
3 0.023958 0.479630 0.005208 0.022222
3 0.729167 0.515741 0.003646 0.014815
3 0.811458 0.501852 0.004687 0.017593
