3 0.053125 0.373148 0.009896 0.041667
3 0.104688 0.370370 0.010937 0.041667
3 0.158854 0.367593 0.009896 0.043519
3 0.045833 0.436111 0.004167 0.019444
3 0.055729 0.439815 0.005208 0.018519
3 0.091146 0.473148 0.004167 0.017593
0 0.193229 0.499074 0.003646 0.012963
3 0.383854 0.487037 0.004687 0.021296
3 0.392708 0.487037 0.005208 0.021296
0 0.536979 0.465741 0.004167 0.020370
0 0.564063 0.466667 0.004167 0.020370
0 0.590104 0.467593 0.004167 0.018519
0 0.635417 0.509259 0.004167 0.021296
0 0.732292 0.509259 0.003646 0.012037
