3 0.056771 0.363889 0.009375 0.045370
3 0.114583 0.361111 0.010417 0.048148
3 0.017188 0.441667 0.004687 0.017593
3 0.027604 0.444444 0.004687 0.017593
3 0.066146 0.480556 0.004167 0.019444
3 0.365104 0.493519 0.005208 0.023148
3 0.374479 0.494444 0.005208 0.022222
3 0.419271 0.527778 0.005729 0.015741
0 0.531250 0.473148 0.004167 0.020370
0 0.559375 0.475000 0.004167 0.020370
0 0.586458 0.475926 0.004167 0.020370
0 0.633854 0.520370 0.004687 0.020370
3 0.732292 0.518519 0.002604 0.013889
0 0.735417 0.518519 0.003646 0.013889
3 0.839583 0.501852 0.006250 0.024074
