3 0.006771 0.345370 0.012500 0.050926
3 0.067708 0.340741 0.011979 0.050926
3 0.006771 0.443519 0.005208 0.017593
3 0.048438 0.479630 0.005208 0.021296
3 0.157292 0.508333 0.003646 0.014815
3 0.160938 0.508333 0.003646 0.014815
3 0.353646 0.491667 0.006250 0.025926
3 0.363542 0.490741 0.005208 0.025000
3 0.406771 0.523148 0.006250 0.027778
0 0.535937 0.470370 0.004167 0.021296
0 0.565625 0.472222 0.004167 0.020370
0 0.593750 0.473148 0.004687 0.022222
0 0.643750 0.517593 0.004687 0.014815
3 0.752083 0.518519 0.004167 0.015741
3 0.871354 0.497222 0.008333 0.029630
