3 0.143750 0.401852 0.013021 0.062037
3 0.168229 0.400926 0.015625 0.062963
3 0.215104 0.485185 0.005208 0.025000
3 0.223958 0.485185 0.006771 0.025000
3 0.285938 0.530556 0.003646 0.016667
3 0.384375 0.486111 0.006250 0.026852
3 0.394792 0.487037 0.005729 0.026852
0 0.480208 0.404630 0.007292 0.034259
0 0.531771 0.408333 0.006771 0.035185
1 0.584375 0.411111 0.006250 0.037037
1 0.672917 0.447222 0.006771 0.037037
1 0.672396 0.486111 0.006771 0.036111
3 0.731771 0.366667 0.011458 0.051852
3 0.731771 0.437037 0.011979 0.063889
3 0.809375 0.491667 0.006250 0.024074
