3 0.259375 0.481481 0.006250 0.027778
3 0.268229 0.481481 0.008854 0.027778
3 0.371354 0.508333 0.003646 0.016667
3 0.378125 0.508333 0.005208 0.017593
0 0.391667 0.519444 0.006771 0.029630
3 0.450000 0.480556 0.006771 0.030556
3 0.461979 0.480556 0.007292 0.028704
3 0.501042 0.507407 0.003125 0.018519
3 0.507812 0.507407 0.004687 0.017593
0 0.556250 0.462037 0.003646 0.022222
0 0.589063 0.462037 0.004167 0.023148
0 0.620833 0.462963 0.003646 0.022222
0 0.675521 0.502778 0.004687 0.021296
3 0.749479 0.501852 0.004687 0.017593
