3 0.037500 0.313889 0.012500 0.055556
3 0.112500 0.304630 0.014583 0.056481
3 0.341146 0.491667 0.005729 0.024074
3 0.331250 0.490741 0.004687 0.025000
3 0.403646 0.511111 0.003125 0.016667
1 0.566146 0.474074 0.004167 0.020370
1 0.597917 0.475000 0.003646 0.021296
1 0.625521 0.478704 0.004687 0.020370
3 0.825521 0.522222 0.004167 0.016667
3 0.469271 0.525000 0.005208 0.024074
3 0.821354 0.522222 0.003646 0.017593
0 0.187500 0.509259 0.003646 0.014815
3 0.498958 0.492593 0.007292 0.026852
3 0.509375 0.492593 0.007812 0.025926
3 0.519271 0.511111 0.004167 0.015741
3 0.526042 0.511111 0.004167 0.017593
