3 0.267708 0.460185 0.006250 0.032407
3 0.280208 0.460185 0.007292 0.030556
3 0.428646 0.501852 0.008333 0.032407
3 0.378125 0.488889 0.005729 0.021296
3 0.475000 0.462963 0.007292 0.033333
3 0.488021 0.462037 0.007812 0.032407
3 0.504167 0.489815 0.004167 0.021296
3 0.511979 0.489815 0.004687 0.020370
1 0.558854 0.449074 0.005208 0.023148
1 0.594271 0.450926 0.004687 0.024074
1 0.625000 0.453704 0.004687 0.023148
1 0.681250 0.494444 0.004167 0.024074
1 0.852604 0.503704 0.004687 0.017593
3 0.135937 0.489815 0.004687 0.016667
3 0.140625 0.489815 0.004167 0.018519
3 0.848958 0.503704 0.003125 0.017593
