3 0.186458 0.449074 0.007812 0.039815
3 0.200521 0.450000 0.009896 0.042593
3 0.082292 0.494444 0.004687 0.019444
0 0.361458 0.494444 0.008854 0.039815
3 0.336458 0.488889 0.004687 0.025000
3 0.344271 0.488889 0.006771 0.025000
1 0.552083 0.446296 0.005208 0.025926
1 0.592187 0.445370 0.005208 0.026852
1 0.626042 0.449074 0.005729 0.026852
1 0.689063 0.493519 0.004167 0.025926
1 0.885938 0.499074 0.005208 0.022222
3 0.443750 0.448148 0.009375 0.041667
3 0.460417 0.448148 0.010937 0.044444
3 0.489063 0.489815 0.005208 0.024074
3 0.497917 0.488889 0.005729 0.025000
3 0.087500 0.494444 0.005208 0.020370
3 0.880729 0.499074 0.004687 0.024074
