3 0.020313 0.378704 0.015104 0.078704
0 0.044271 0.377778 0.017708 0.081481
3 0.144271 0.500000 0.005208 0.025000
3 0.150521 0.500926 0.005729 0.025000
3 0.451042 0.480556 0.007292 0.035185
3 0.462500 0.479630 0.008854 0.036111
3 0.526563 0.325000 0.027604 0.107407
3 0.567708 0.321296 0.026562 0.109259
1 0.763021 0.421296 0.006771 0.035185
1 0.815104 0.421296 0.006250 0.034259
1 0.859896 0.424074 0.007292 0.033333
1 0.941667 0.481481 0.007292 0.034259
3 0.674479 0.474074 0.008854 0.037037
3 0.689583 0.473148 0.008854 0.037037
