3 0.266146 0.469444 0.006771 0.027778
3 0.277604 0.470370 0.006250 0.026852
1 0.153125 0.493519 0.003125 0.012963
3 0.156771 0.493519 0.003125 0.012963
3 0.375000 0.493519 0.004687 0.018519
3 0.369271 0.493519 0.003125 0.019444
3 0.392708 0.510185 0.005208 0.022222
3 0.447396 0.472222 0.006250 0.028704
3 0.458333 0.472222 0.006771 0.028704
3 0.490625 0.495370 0.004167 0.018519
3 0.498437 0.495370 0.004167 0.017593
0 0.549479 0.456481 0.004167 0.022222
0 0.611979 0.460185 0.004167 0.019444
0 0.582812 0.458333 0.004167 0.020370
0 0.820312 0.506481 0.004167 0.018519
