3 0.044271 0.418519 0.009375 0.048148
3 0.058854 0.416667 0.009896 0.048148
0 0.125000 0.448148 0.021875 0.075000
3 0.283333 0.471296 0.004167 0.026852
3 0.291146 0.471296 0.006771 0.026852
3 0.339583 0.410185 0.013021 0.055556
3 0.360417 0.408333 0.013021 0.054630
3 0.452604 0.471296 0.005729 0.027778
3 0.463542 0.470370 0.006250 0.026852
0 0.538021 0.425000 0.005729 0.029630
0 0.582292 0.425000 0.005208 0.028704
0 0.619792 0.427778 0.005729 0.026852
3 0.902604 0.482407 0.005729 0.020370
0 0.908854 0.482407 0.006250 0.023148
3 0.029167 0.479630 0.005208 0.018519
3 0.034375 0.479630 0.005729 0.018519
