3 0.054688 0.387037 0.014063 0.059259
1 0.053646 0.441667 0.011458 0.043519
3 0.116146 0.451852 0.006250 0.028704
3 0.181250 0.387037 0.007812 0.034259
3 0.196875 0.395370 0.006771 0.031481
3 0.215104 0.402778 0.007292 0.028704
3 0.256250 0.419444 0.005208 0.026852
3 0.265625 0.423148 0.004687 0.018519
0 0.222917 0.466667 0.004167 0.021296
0 0.386458 0.498148 0.003646 0.015741
0 0.559375 0.448148 0.003646 0.016667
0 0.589063 0.449074 0.003646 0.017593
0 0.633854 0.510185 0.003646 0.024074
3 0.669792 0.484259 0.004167 0.017593
3 0.669271 0.502778 0.003125 0.014815
0 0.672396 0.502778 0.003125 0.014815
3 0.988542 0.437963 0.013542 0.046296
3 0.971875 0.450926 0.006250 0.027778
3 0.195312 0.103704 0.019792 0.085185
3 0.361458 0.082407 0.019792 0.088889
3 0.390104 0.498148 0.003646 0.015741
