3 0.029167 0.450000 0.008333 0.034259
3 0.108333 0.370370 0.010417 0.039815
3 0.131771 0.381481 0.009896 0.039815
3 0.156250 0.391667 0.008333 0.037037
3 0.214062 0.416667 0.008333 0.032407
3 0.227083 0.421296 0.006771 0.022222
0 0.171875 0.471296 0.005729 0.027778
0 0.371354 0.510185 0.004167 0.017593
3 0.375000 0.510185 0.003646 0.017593
0 0.572917 0.452778 0.003646 0.018519
0 0.607812 0.453704 0.004167 0.021296
0 0.658854 0.520370 0.004687 0.020370
0 0.703646 0.493519 0.005208 0.023148
3 0.701562 0.514815 0.004687 0.016667
0 0.705729 0.514815 0.003646 0.018519
1 0.117188 0.379630 0.008333 0.017593
