3 0.020833 0.448148 0.008333 0.032407
3 0.101562 0.368519 0.011979 0.041667
3 0.125521 0.379630 0.009896 0.038889
3 0.151562 0.389815 0.008854 0.035185
3 0.211979 0.415741 0.007292 0.032407
3 0.225521 0.420370 0.005208 0.022222
0 0.372917 0.510185 0.004167 0.017593
0 0.579167 0.451852 0.003125 0.018519
0 0.614062 0.454630 0.003646 0.018519
0 0.711979 0.492593 0.004167 0.022222
3 0.710417 0.513889 0.003646 0.016667
0 0.714583 0.513889 0.004167 0.018519
0 0.168229 0.472222 0.006771 0.026852
3 0.377083 0.510185 0.004167 0.017593
