3 0.020313 0.450926 0.008333 0.034259
3 0.101562 0.370370 0.010937 0.042593
3 0.125521 0.380556 0.010417 0.039815
3 0.151562 0.393519 0.009375 0.038889
3 0.169271 0.474074 0.006771 0.025926
3 0.211458 0.418519 0.007812 0.033333
3 0.225000 0.421296 0.007292 0.025000
0 0.372917 0.513889 0.004167 0.018519
3 0.377083 0.512963 0.004167 0.017593
0 0.579688 0.453704 0.004167 0.019444
0 0.614583 0.455556 0.003646 0.019444
3 0.712500 0.495370 0.005729 0.024074
3 0.711458 0.516667 0.004167 0.016667
0 0.715104 0.516667 0.003646 0.018519
1 0.110937 0.379630 0.009375 0.017593
