0 0.579688 0.453704 0.004167 0.019444
0 0.614583 0.455556 0.003125 0.019444
0 0.715104 0.515741 0.003125 0.017593
3 0.020313 0.450926 0.006771 0.032407
3 0.102083 0.370370 0.010417 0.042593
3 0.126042 0.381481 0.009375 0.039815
3 0.151562 0.392593 0.007812 0.037037
3 0.211979 0.417593 0.006250 0.033333
3 0.225521 0.421296 0.005208 0.023148
1 0.110937 0.379630 0.008333 0.016667
3 0.713021 0.494444 0.005208 0.023148
3 0.711458 0.516667 0.004167 0.016667
0 0.372917 0.512963 0.004687 0.017593
0 0.168229 0.475000 0.005729 0.026852
