0 0.752083 0.445370 0.006250 0.029630
0 0.781250 0.443519 0.004167 0.024074
0 0.658333 0.447222 0.005729 0.027778
0 0.601562 0.450000 0.009375 0.013889
0 0.618229 0.447222 0.005729 0.028704
0 0.580208 0.449074 0.005208 0.027778
0 0.501042 0.495370 0.004167 0.022222
3 0.269792 0.382407 0.010417 0.062963
3 0.114583 0.274074 0.014583 0.075926
3 0.067187 0.281481 0.017708 0.031481
3 0.028125 0.285185 0.019271 0.071296
3 0.720833 0.498148 0.004167 0.021296
0 0.937500 0.514815 0.005208 0.023148
1 0.035417 0.514815 0.005208 0.018519
