3 0.051562 0.478704 0.004167 0.016667
3 0.058854 0.480556 0.004687 0.015741
3 0.116146 0.491667 0.004687 0.026852
3 0.123438 0.513889 0.003646 0.012963
0 0.198958 0.522222 0.003125 0.011111
3 0.169271 0.448148 0.005208 0.025926
3 0.202083 0.444444 0.006250 0.020370
3 0.235937 0.445370 0.006771 0.026852
3 0.375521 0.513889 0.003646 0.015741
3 0.369792 0.513889 0.003646 0.013889
0 0.491667 0.493519 0.003646 0.016667
0 0.516667 0.493519 0.003125 0.016667
0 0.656771 0.524074 0.003125 0.013889
3 0.417187 0.523148 0.003125 0.013889
3 0.412500 0.523148 0.003646 0.013889
0 0.402083 0.532407 0.004167 0.016667
3 0.202604 0.522222 0.003125 0.012963
