3 0.025000 0.479630 0.005208 0.018519
3 0.032292 0.480556 0.005208 0.017593
3 0.133333 0.443519 0.006771 0.029630
3 0.168750 0.441667 0.006771 0.033333
3 0.206771 0.440741 0.007292 0.029630
3 0.043229 0.522222 0.005208 0.018519
3 0.359375 0.519444 0.003646 0.016667
3 0.366146 0.518519 0.004167 0.017593
0 0.390625 0.539815 0.003646 0.015741
0 0.496354 0.496296 0.003646 0.017593
3 0.522917 0.497222 0.003125 0.017593
0 0.675000 0.528704 0.003646 0.015741
3 0.694792 0.523148 0.004167 0.015741
3 0.671875 0.529630 0.003125 0.014815
3 0.409896 0.529630 0.003125 0.014815
