0 0.679688 0.532407 0.003646 0.014815
3 0.676562 0.532407 0.003125 0.014815
3 0.701562 0.524074 0.004167 0.017593
0 0.520833 0.498148 0.003646 0.017593
0 0.493750 0.497222 0.003125 0.017593
0 0.378125 0.541667 0.004167 0.016667
3 0.346875 0.519444 0.003646 0.018519
3 0.354167 0.519444 0.004167 0.018519
3 0.408333 0.532407 0.003125 0.012963
3 0.402604 0.532407 0.003125 0.012963
0 0.165625 0.527778 0.003646 0.012037
3 0.182292 0.434259 0.006771 0.032407
3 0.143750 0.436111 0.007292 0.032407
3 0.106771 0.438889 0.006771 0.031481
3 0.047917 0.490741 0.005729 0.030556
3 0.012500 0.481481 0.004167 0.017593
3 0.003125 0.478704 0.004687 0.019444
3 0.880208 0.518519 0.006250 0.025000
