3 0.103646 0.432407 0.006771 0.023148
3 0.121875 0.437963 0.005729 0.023148
3 0.131250 0.496296 0.007292 0.024074
3 0.272396 0.327778 0.009896 0.043519
3 0.355729 0.314815 0.010937 0.050926
3 0.238021 0.516667 0.005729 0.023148
3 0.317188 0.530556 0.004167 0.013889
3 0.321875 0.531481 0.005208 0.013889
0 0.531771 0.462963 0.004167 0.019444
0 0.566667 0.466667 0.004687 0.016667
0 0.589063 0.513889 0.004687 0.020370
3 0.643229 0.530556 0.003646 0.015741
3 0.639062 0.530556 0.004167 0.015741
3 0.734896 0.525926 0.009375 0.024074
3 0.923958 0.424074 0.006771 0.024074
3 0.942708 0.422222 0.006771 0.025926
3 0.957812 0.493519 0.006771 0.025926
3 0.744271 0.525926 0.008854 0.027778
3 0.221354 0.444444 0.004687 0.050000
3 0.232813 0.516667 0.005208 0.029630
