3 0.197396 0.425926 0.006250 0.055556
3 0.228125 0.511111 0.006250 0.034259
3 0.094271 0.421296 0.008333 0.027778
3 0.114583 0.427778 0.007292 0.027778
3 0.253646 0.291667 0.011979 0.054630
3 0.346875 0.279630 0.012500 0.056481
0 0.583333 0.456481 0.004687 0.019444
0 0.607292 0.505556 0.004687 0.021296
3 0.664583 0.525000 0.004687 0.018519
3 0.773958 0.518519 0.006771 0.028704
3 0.964583 0.410185 0.007812 0.027778
3 0.984896 0.408333 0.007292 0.029630
3 0.123958 0.487963 0.006250 0.025000
0 0.546875 0.453704 0.005208 0.022222
3 0.659896 0.525000 0.005208 0.017593
3 0.766146 0.519444 0.007812 0.027778
3 0.221354 0.509259 0.006250 0.031481
