3 0.078125 0.409259 0.008333 0.025926
3 0.101042 0.417593 0.005729 0.025926
3 0.146875 0.397222 0.007812 0.067593
3 0.214062 0.233333 0.014063 0.064815
3 0.325521 0.212963 0.015625 0.066667
3 0.197917 0.500000 0.007292 0.036111
3 0.205729 0.500926 0.008333 0.032407
3 0.325521 0.520370 0.005729 0.019444
3 0.331250 0.521296 0.005208 0.020370
0 0.572917 0.443519 0.004687 0.019444
0 0.612500 0.445370 0.005208 0.019444
0 0.638542 0.498148 0.005208 0.021296
3 0.702083 0.517593 0.004167 0.017593
3 0.696354 0.517593 0.005729 0.015741
3 0.827604 0.508333 0.009375 0.029630
3 0.835417 0.508333 0.005208 0.030556
