3 0.183854 0.498148 0.007812 0.037963
3 0.121354 0.385185 0.010417 0.073148
3 0.192708 0.208333 0.016146 0.070370
3 0.311979 0.185185 0.017188 0.073148
3 0.324479 0.520370 0.005729 0.022222
3 0.330729 0.521296 0.005729 0.020370
3 0.847396 0.509259 0.008333 0.031481
3 0.713542 0.518519 0.005729 0.021296
3 0.707812 0.519444 0.005729 0.016667
0 0.580729 0.441667 0.005208 0.021296
0 0.620833 0.444444 0.004687 0.016667
0 0.647396 0.497222 0.004687 0.023148
3 0.067708 0.404630 0.004687 0.025000
3 0.092708 0.413889 0.005208 0.025000
3 0.104688 0.482407 0.005208 0.025926
3 0.193229 0.500000 0.008854 0.035185
3 0.855729 0.508333 0.008854 0.035185
