0 0.582292 0.430556 0.006250 0.025000
0 0.625000 0.433333 0.006250 0.023148
0 0.652604 0.490741 0.006771 0.025000
3 0.716667 0.512037 0.005729 0.021296
3 0.876042 0.500000 0.010937 0.036111
3 0.157812 0.489815 0.010417 0.041667
3 0.273438 0.122222 0.021354 0.084259
3 0.141146 0.154630 0.020833 0.080556
3 0.060417 0.359259 0.013021 0.083333
3 0.070312 0.401852 0.006771 0.028704
3 0.084375 0.474074 0.007812 0.029630
3 0.041667 0.396296 0.006771 0.025926
3 0.318229 0.516667 0.007812 0.020370
3 0.722396 0.512037 0.005208 0.021296
3 0.884896 0.500926 0.006250 0.035185
