0 0.652604 0.490741 0.007292 0.027778
0 0.579167 0.426852 0.006250 0.025000
0 0.623958 0.430556 0.006250 0.025926
3 0.726562 0.512963 0.006771 0.022222
3 0.900521 0.498148 0.013021 0.042593
3 0.118750 0.485185 0.009896 0.043519
3 0.044792 0.397222 0.009375 0.028704
3 0.014583 0.386111 0.009896 0.035185
3 0.223438 0.055556 0.025000 0.099074
3 0.076563 0.098148 0.020833 0.087963
3 0.720833 0.512037 0.005208 0.020370
3 0.295833 0.513889 0.006250 0.024074
3 0.302604 0.515741 0.006771 0.024074
3 0.109375 0.485185 0.008854 0.046296
