0 0.132292 0.517593 0.003646 0.014815
3 0.135937 0.517593 0.003646 0.014815
0 0.428125 0.477778 0.003125 0.017593
0 0.453125 0.478704 0.003125 0.016667
0 0.500521 0.511111 0.003646 0.016667
3 0.639062 0.507407 0.003125 0.012037
0 0.642188 0.506481 0.003646 0.012963
0 0.695833 0.492593 0.005208 0.020370
3 0.854167 0.455556 0.009896 0.035185
3 0.851562 0.523148 0.005208 0.012963
3 0.912500 0.415741 0.006771 0.030556
3 0.929688 0.410185 0.008854 0.034259
3 0.948958 0.403704 0.008333 0.037037
3 0.988542 0.454630 0.008333 0.040741
